1.403000000000000000e+03
1.701000000000000000e+03
4.650000000000000000e+02
2.078000000000000000e+03
1.337000000000000000e+03
7.730000000000000000e+02
1.620000000000000000e+03
2.093000000000000000e+03
3.290000000000000000e+02
2.010000000000000000e+03
1.760000000000000000e+02
6.100000000000000000e+02
1.799000000000000000e+03
7.400000000000000000e+01
5.730000000000000000e+02
1.644000000000000000e+03
1.336000000000000000e+03
5.860000000000000000e+02
2.156000000000000000e+03
2.320000000000000000e+02
6.940000000000000000e+02
1.798000000000000000e+03
6.450000000000000000e+02
3.660000000000000000e+02
1.012000000000000000e+03
7.490000000000000000e+02
2.155000000000000000e+03
3.460000000000000000e+02
2.392000000000000000e+03
5.530000000000000000e+02
2.374000000000000000e+03
8.540000000000000000e+02
2.460000000000000000e+02
1.505000000000000000e+03
2.890000000000000000e+02
1.810000000000000000e+02
2.018000000000000000e+03
1.700000000000000000e+02
2.270000000000000000e+03
8.800000000000000000e+02
1.525000000000000000e+03
8.730000000000000000e+02
1.804000000000000000e+03
1.847000000000000000e+03
6.590000000000000000e+02
1.540000000000000000e+02
1.020000000000000000e+02
1.110000000000000000e+03
7.300000000000000000e+01
4.660000000000000000e+02
2.280000000000000000e+02
1.708000000000000000e+03
2.203000000000000000e+03
1.152000000000000000e+03
1.733000000000000000e+03
1.769000000000000000e+03
2.019000000000000000e+03
1.587000000000000000e+03
1.869000000000000000e+03
1.560000000000000000e+02
1.465000000000000000e+03
4.170000000000000000e+02
1.801000000000000000e+03
2.016000000000000000e+03
6.570000000000000000e+02
2.096000000000000000e+03
5.300000000000000000e+01
2.022000000000000000e+03
4.410000000000000000e+02
5.060000000000000000e+02
1.380000000000000000e+02
9.450000000000000000e+02
1.171000000000000000e+03
1.592000000000000000e+03
2.050000000000000000e+03
2.640000000000000000e+02
4.480000000000000000e+02
7.930000000000000000e+02
8.440000000000000000e+02
1.360000000000000000e+03
1.899000000000000000e+03
1.903000000000000000e+03
1.904000000000000000e+03
1.774000000000000000e+03
4.140000000000000000e+02
4.960000000000000000e+02
6.440000000000000000e+02
2.111000000000000000e+03
1.285000000000000000e+03
2.112000000000000000e+03
4.900000000000000000e+01
8.600000000000000000e+01
2.240000000000000000e+02
6.910000000000000000e+02
1.889000000000000000e+03
1.891000000000000000e+03
1.968000000000000000e+03
1.983000000000000000e+03
2.040000000000000000e+03
2.130000000000000000e+03
7.020000000000000000e+02
1.914000000000000000e+03
2.100000000000000000e+02
1.021000000000000000e+03
1.399000000000000000e+03
3.250000000000000000e+02
5.600000000000000000e+01
4.120000000000000000e+02
4.470000000000000000e+02
1.487000000000000000e+03
1.616000000000000000e+03
9.210000000000000000e+02
1.141000000000000000e+03
1.351000000000000000e+03
1.916000000000000000e+03
9.600000000000000000e+01
1.750000000000000000e+02
2.164000000000000000e+03
1.343000000000000000e+03
2.357000000000000000e+03
3.170000000000000000e+02
8.080000000000000000e+02
9.630000000000000000e+02
2.385000000000000000e+03
1.196000000000000000e+03
7.830000000000000000e+02
1.015000000000000000e+03
2.262000000000000000e+03
2.376000000000000000e+03
1.618000000000000000e+03
2.550000000000000000e+02
9.100000000000000000e+01
2.123000000000000000e+03
4.700000000000000000e+02
8.570000000000000000e+02
1.115000000000000000e+03
4.980000000000000000e+02
1.620000000000000000e+02
1.908000000000000000e+03
2.000000000000000000e+00
