1.675000000000000000e+03
2.094000000000000000e+03
2.326000000000000000e+03
1.845000000000000000e+03
1.337000000000000000e+03
1.509000000000000000e+03
1.713000000000000000e+03
2.293000000000000000e+03
5.190000000000000000e+02
6.570000000000000000e+02
1.660000000000000000e+03
3.660000000000000000e+02
3.060000000000000000e+02
1.530000000000000000e+02
5.390000000000000000e+02
1.143000000000000000e+03
1.849000000000000000e+03
2.088000000000000000e+03
1.180000000000000000e+02
1.760000000000000000e+02
1.203000000000000000e+03
1.624000000000000000e+03
9.150000000000000000e+02
1.798000000000000000e+03
3.590000000000000000e+02
2.190000000000000000e+03
1.610000000000000000e+03
5.300000000000000000e+02
1.570000000000000000e+03
5.060000000000000000e+02
7.400000000000000000e+01
5.710000000000000000e+02
1.535000000000000000e+03
5.900000000000000000e+01
1.708000000000000000e+03
2.152000000000000000e+03
9.930000000000000000e+02
1.970000000000000000e+02
2.018000000000000000e+03
1.224000000000000000e+03
1.779000000000000000e+03
1.986000000000000000e+03
2.050000000000000000e+02
2.294000000000000000e+03
2.025000000000000000e+03
1.627000000000000000e+03
3.890000000000000000e+02
1.330000000000000000e+02
3.000000000000000000e+01
1.810000000000000000e+03
6.280000000000000000e+02
7.780000000000000000e+02
1.769000000000000000e+03
1.346000000000000000e+03
1.741000000000000000e+03
2.217000000000000000e+03
2.188000000000000000e+03
1.336000000000000000e+03
9.580000000000000000e+02
1.848000000000000000e+03
2.451000000000000000e+03
2.270000000000000000e+03
1.733000000000000000e+03
5.650000000000000000e+02
5.630000000000000000e+02
2.389000000000000000e+03
2.030000000000000000e+02
6.610000000000000000e+02
2.189000000000000000e+03
8.360000000000000000e+02
3.340000000000000000e+02
2.156000000000000000e+03
6.100000000000000000e+02
2.413000000000000000e+03
2.597000000000000000e+03
1.801000000000000000e+03
1.380000000000000000e+02
1.110000000000000000e+03
1.120000000000000000e+02
1.464000000000000000e+03
5.620000000000000000e+02
1.045000000000000000e+03
1.587000000000000000e+03
2.155000000000000000e+03
1.293000000000000000e+03
1.167000000000000000e+03
1.790000000000000000e+02
1.789000000000000000e+03
3.540000000000000000e+02
1.995000000000000000e+03
1.260000000000000000e+02
1.341000000000000000e+03
1.917000000000000000e+03
2.000000000000000000e+01
1.871000000000000000e+03
2.095000000000000000e+03
2.153000000000000000e+03
1.973000000000000000e+03
1.012000000000000000e+03
1.902000000000000000e+03
1.441000000000000000e+03
8.800000000000000000e+02
4.540000000000000000e+02
7.490000000000000000e+02
2.388000000000000000e+03
1.712000000000000000e+03
1.842000000000000000e+03
1.070000000000000000e+03
1.841000000000000000e+03
7.040000000000000000e+02
6.900000000000000000e+01
5.540000000000000000e+02
7.430000000000000000e+02
8.540000000000000000e+02
1.843000000000000000e+03
1.090000000000000000e+02
1.764000000000000000e+03
1.152000000000000000e+03
1.844000000000000000e+03
8.420000000000000000e+02
1.998000000000000000e+03
2.045000000000000000e+03
1.525000000000000000e+03
9.080000000000000000e+02
2.360000000000000000e+02
1.661000000000000000e+03
2.295000000000000000e+03
9.730000000000000000e+02
4.410000000000000000e+02
1.851000000000000000e+03
2.494000000000000000e+03
2.485000000000000000e+03
1.483000000000000000e+03
7.110000000000000000e+02
1.427000000000000000e+03
2.092000000000000000e+03
1.772000000000000000e+03
6.940000000000000000e+02
1.804000000000000000e+03
7.700000000000000000e+01
1.829000000000000000e+03
1.868000000000000000e+03
1.725000000000000000e+03
4.710000000000000000e+02
1.120000000000000000e+03
5.570000000000000000e+02
7.280000000000000000e+02
2.034000000000000000e+03
2.391000000000000000e+03
3.290000000000000000e+02
1.873000000000000000e+03
1.097000000000000000e+03
1.100000000000000000e+02
1.505000000000000000e+03
1.512000000000000000e+03
1.803000000000000000e+03
1.142000000000000000e+03
3.180000000000000000e+02
1.150000000000000000e+02
8.800000000000000000e+01
1.911000000000000000e+03
3.120000000000000000e+02
1.745000000000000000e+03
1.840000000000000000e+03
1.810000000000000000e+02
1.358000000000000000e+03
2.269000000000000000e+03
1.656000000000000000e+03
2.010000000000000000e+03
1.013000000000000000e+03
2.596000000000000000e+03
1.728000000000000000e+03
2.078000000000000000e+03
1.644000000000000000e+03
1.403000000000000000e+03
2.440000000000000000e+02
2.151000000000000000e+03
5.530000000000000000e+02
1.787000000000000000e+03
1.797000000000000000e+03
1.975000000000000000e+03
1.583000000000000000e+03
1.282000000000000000e+03
1.035000000000000000e+03
2.375000000000000000e+03
7.790000000000000000e+02
1.118000000000000000e+03
7.730000000000000000e+02
6.960000000000000000e+02
1.127000000000000000e+03
9.050000000000000000e+02
2.310000000000000000e+02
1.240000000000000000e+02
4.590000000000000000e+02
6.870000000000000000e+02
1.800000000000000000e+03
5.640000000000000000e+02
9.690000000000000000e+02
7.450000000000000000e+02
1.470000000000000000e+03
2.520000000000000000e+02
5.100000000000000000e+02
1.030000000000000000e+02
2.374000000000000000e+03
4.170000000000000000e+02
3.870000000000000000e+02
1.600000000000000000e+02
3.300000000000000000e+02
6.820000000000000000e+02
1.521000000000000000e+03
1.291000000000000000e+03
1.990000000000000000e+02
1.734000000000000000e+03
1.919000000000000000e+03
1.072000000000000000e+03
1.846000000000000000e+03
7.540000000000000000e+02
1.131000000000000000e+03
1.020000000000000000e+02
2.680000000000000000e+02
4.260000000000000000e+02
5.860000000000000000e+02
1.222000000000000000e+03
2.890000000000000000e+02
1.077000000000000000e+03
6.590000000000000000e+02
1.802000000000000000e+03
2.770000000000000000e+02
5.730000000000000000e+02
2.203000000000000000e+03
2.320000000000000000e+02
4.510000000000000000e+02
1.869000000000000000e+03
1.262000000000000000e+03
1.847000000000000000e+03
7.420000000000000000e+02
2.091000000000000000e+03
2.016000000000000000e+03
1.701000000000000000e+03
6.300000000000000000e+02
2.800000000000000000e+02
1.799000000000000000e+03
2.093000000000000000e+03
2.309000000000000000e+03
1.370000000000000000e+03
7.080000000000000000e+02
9.450000000000000000e+02
3.760000000000000000e+02
1.784000000000000000e+03
1.782000000000000000e+03
5.670000000000000000e+02
4.870000000000000000e+02
6.710000000000000000e+02
2.392000000000000000e+03
5.510000000000000000e+02
8.520000000000000000e+02
3.420000000000000000e+02
1.465000000000000000e+03
4.650000000000000000e+02
2.390000000000000000e+03
6.450000000000000000e+02
2.334000000000000000e+03
4.200000000000000000e+02
2.000000000000000000e+03
2.009000000000000000e+03
2.089000000000000000e+03
2.019000000000000000e+03
1.478000000000000000e+03
1.526000000000000000e+03
2.154000000000000000e+03
1.390000000000000000e+02
2.071000000000000000e+03
1.785000000000000000e+03
1.584000000000000000e+03
2.022000000000000000e+03
8.730000000000000000e+02
1.740000000000000000e+03
1.805000000000000000e+03
9.350000000000000000e+02
1.850000000000000000e+03
1.890000000000000000e+02
1.249000000000000000e+03
1.074000000000000000e+03
1.914000000000000000e+03
1.676000000000000000e+03
8.780000000000000000e+02
8.940000000000000000e+02
1.696000000000000000e+03
1.898000000000000000e+03
9.210000000000000000e+02
1.616000000000000000e+03
7.830000000000000000e+02
1.015000000000000000e+03
2.262000000000000000e+03
2.376000000000000000e+03
1.618000000000000000e+03
5.600000000000000000e+01
4.120000000000000000e+02
4.470000000000000000e+02
1.487000000000000000e+03
3.880000000000000000e+02
2.030000000000000000e+03
4.460000000000000000e+02
2.550000000000000000e+02
1.343000000000000000e+03
2.165000000000000000e+03
1.690000000000000000e+03
1.507000000000000000e+03
2.112000000000000000e+03
1.029000000000000000e+03
2.166000000000000000e+03
1.538000000000000000e+03
4.240000000000000000e+02
1.215000000000000000e+03
3.170000000000000000e+02
1.196000000000000000e+03
1.918000000000000000e+03
1.351000000000000000e+03
1.916000000000000000e+03
2.385000000000000000e+03
7.020000000000000000e+02
7.600000000000000000e+01
3.560000000000000000e+02
6.210000000000000000e+02
2.000000000000000000e+00
1.510000000000000000e+02
2.001000000000000000e+03
2.002000000000000000e+03
1.141000000000000000e+03
2.240000000000000000e+02
9.600000000000000000e+01
8.600000000000000000e+01
1.452000000000000000e+03
3.250000000000000000e+02
8.570000000000000000e+02
1.115000000000000000e+03
9.630000000000000000e+02
4.700000000000000000e+02
2.416000000000000000e+03
4.900000000000000000e+01
6.910000000000000000e+02
1.889000000000000000e+03
1.891000000000000000e+03
1.968000000000000000e+03
2.040000000000000000e+03
2.130000000000000000e+03
4.980000000000000000e+02
1.620000000000000000e+02
1.908000000000000000e+03
9.100000000000000000e+01
