1.291000000000000000e+03
1.990000000000000000e+02
1.734000000000000000e+03
1.919000000000000000e+03
1.072000000000000000e+03
1.846000000000000000e+03
7.540000000000000000e+02
1.131000000000000000e+03
1.020000000000000000e+02
2.680000000000000000e+02
4.260000000000000000e+02
5.860000000000000000e+02
1.222000000000000000e+03
2.890000000000000000e+02
1.077000000000000000e+03
6.590000000000000000e+02
1.802000000000000000e+03
2.770000000000000000e+02
5.730000000000000000e+02
2.203000000000000000e+03
2.320000000000000000e+02
4.510000000000000000e+02
1.869000000000000000e+03
1.262000000000000000e+03
1.847000000000000000e+03
7.420000000000000000e+02
2.091000000000000000e+03
2.016000000000000000e+03
1.701000000000000000e+03
6.300000000000000000e+02
2.800000000000000000e+02
1.799000000000000000e+03
2.093000000000000000e+03
2.309000000000000000e+03
1.370000000000000000e+03
7.080000000000000000e+02
9.450000000000000000e+02
3.760000000000000000e+02
1.784000000000000000e+03
1.782000000000000000e+03
5.670000000000000000e+02
4.870000000000000000e+02
6.710000000000000000e+02
2.392000000000000000e+03
5.510000000000000000e+02
8.520000000000000000e+02
3.420000000000000000e+02
1.465000000000000000e+03
4.650000000000000000e+02
2.390000000000000000e+03
6.450000000000000000e+02
2.334000000000000000e+03
4.200000000000000000e+02
2.000000000000000000e+03
2.009000000000000000e+03
2.089000000000000000e+03
2.019000000000000000e+03
1.478000000000000000e+03
1.526000000000000000e+03
2.154000000000000000e+03
1.390000000000000000e+02
2.071000000000000000e+03
1.785000000000000000e+03
1.584000000000000000e+03
2.022000000000000000e+03
8.730000000000000000e+02
1.740000000000000000e+03
1.805000000000000000e+03
9.350000000000000000e+02
1.850000000000000000e+03
1.890000000000000000e+02
1.249000000000000000e+03
1.074000000000000000e+03
1.914000000000000000e+03
1.676000000000000000e+03
8.780000000000000000e+02
8.940000000000000000e+02
1.696000000000000000e+03
1.898000000000000000e+03
9.210000000000000000e+02
1.616000000000000000e+03
7.830000000000000000e+02
1.015000000000000000e+03
2.262000000000000000e+03
2.376000000000000000e+03
1.618000000000000000e+03
5.600000000000000000e+01
4.120000000000000000e+02
4.470000000000000000e+02
1.487000000000000000e+03
3.880000000000000000e+02
2.030000000000000000e+03
4.460000000000000000e+02
2.550000000000000000e+02
1.343000000000000000e+03
2.165000000000000000e+03
1.690000000000000000e+03
1.507000000000000000e+03
2.112000000000000000e+03
1.029000000000000000e+03
2.166000000000000000e+03
1.538000000000000000e+03
4.240000000000000000e+02
1.215000000000000000e+03
3.170000000000000000e+02
1.196000000000000000e+03
1.918000000000000000e+03
1.351000000000000000e+03
1.916000000000000000e+03
2.385000000000000000e+03
7.020000000000000000e+02
7.600000000000000000e+01
3.560000000000000000e+02
6.210000000000000000e+02
2.000000000000000000e+00
1.510000000000000000e+02
2.001000000000000000e+03
2.002000000000000000e+03
1.141000000000000000e+03
2.240000000000000000e+02
9.600000000000000000e+01
8.600000000000000000e+01
1.452000000000000000e+03
3.250000000000000000e+02
8.570000000000000000e+02
1.115000000000000000e+03
9.630000000000000000e+02
4.700000000000000000e+02
2.416000000000000000e+03
4.900000000000000000e+01
6.910000000000000000e+02
1.889000000000000000e+03
1.891000000000000000e+03
1.968000000000000000e+03
2.040000000000000000e+03
2.130000000000000000e+03
4.980000000000000000e+02
1.620000000000000000e+02
1.908000000000000000e+03
9.100000000000000000e+01
